[MISSION]
title=-BMS 006- Training CAP
[STPT]
target_0=775715.250000, 2048347.500000, -0.000000, 1
target_1=805235.125000, 2241866.250000, -22000.000000, 2
target_2=772435.312500, 2373065.500000, -21000.000000, 12
target_3=788835.187500, 2281226.000000, -21000.000000, 12
target_4=762595.375000, 2189386.750000, -22000.000000, 3
target_5=775715.250000, 2048347.500000, -0.000000, 7
target_6=864274.750000, 1904028.375000, -0.000000, 7
target_7=0.000000, 0.000000, 0.000000, -1
target_8=0.000000, 0.000000, 0.000000, -1
target_9=0.000000, 0.000000, 0.000000, -1
target_10=0.000000, 0.000000, 0.000000, -1
target_11=0.000000, 0.000000, 0.000000, -1
target_12=0.000000, 0.000000, 0.000000, -1
target_13=0.000000, 0.000000, 0.000000, -1
target_14=0.000000, 0.000000, 0.000000, -1
target_15=0.000000, 0.000000, 0.000000, -1
target_16=0.000000, 0.000000, 0.000000, -1
target_17=0.000000, 0.000000, 0.000000, -1
target_18=0.000000, 0.000000, 0.000000, -1
target_19=0.000000, 0.000000, 0.000000, -1
target_20=0.000000, 0.000000, 0.000000, -1
target_21=0.000000, 0.000000, 0.000000, -1
target_22=0.000000, 0.000000, 0.000000, -1
target_23=0.000000, 0.000000, 0.000000, -1
ppt_0=308532.000000, 2323937.000000, 0.000000, 109371.796875, SA2
ppt_1=388071.500000, 1604623.250000, 0.000000, 303810.531250, P
ppt_2=152911.250000, 2272063.500000, 0.000000, 328115.375000, SA5
ppt_3=1255785.500000, 2178135.000000, 0.000000, 303810.531250, P
ppt_4=0.000000, 0.000000, 0.000000, 0.000000,
ppt_5=246283.750000, 2981002.750000, 0.000000, 303810.531250, 10
ppt_6=0.000000, 0.000000, 0.000000, 0.000000,
ppt_7=0.000000, 0.000000, 0.000000, 0.000000,
ppt_8=0.000000, 0.000000, 0.000000, 0.000000,
ppt_9=0.000000, 0.000000, 0.000000, 0.000000,
ppt_10=0.000000, 0.000000, 0.000000, 0.000000,
ppt_11=0.000000, 0.000000, 0.000000, 0.000000,
ppt_12=0.000000, 0.000000, 0.000000, 0.000000,
ppt_13=0.000000, 0.000000, 0.000000, 0.000000,
ppt_14=0.000000, 0.000000, 0.000000, 0.000000,
lineSTPT_0=0.000000, 0.000000, 0.000000
lineSTPT_1=0.000000, 0.000000, 0.000000
lineSTPT_2=0.000000, 0.000000, 0.000000
lineSTPT_3=0.000000, 0.000000, 0.000000
lineSTPT_4=0.000000, 0.000000, 0.000000
lineSTPT_5=0.000000, 0.000000, 0.000000
lineSTPT_6=0.000000, 0.000000, 0.000000
lineSTPT_7=0.000000, 0.000000, 0.000000
lineSTPT_8=0.000000, 0.000000, 0.000000
lineSTPT_9=0.000000, 0.000000, 0.000000
lineSTPT_10=0.000000, 0.000000, 0.000000
lineSTPT_11=0.000000, 0.000000, 0.000000
lineSTPT_12=0.000000, 0.000000, 0.000000
lineSTPT_13=0.000000, 0.000000, 0.000000
lineSTPT_14=0.000000, 0.000000, 0.000000
lineSTPT_15=-594.250000, 1707049.000000, 0.000000
lineSTPT_16=575864.500000, 2449950.250000, 0.000000
lineSTPT_17=928738.250000, 2636001.250000, 0.000000
lineSTPT_18=1461825.250000, 2547698.250000, 0.000000
lineSTPT_19=1880445.750000, 2168323.500000, 0.000000
